*PARAMETER
num-dim: 3
*MATPROP
b-plane-strain: 1
young's-modulus: 130
poisson's-ratio: 0.3
rho: 8.96
beta1: 0.5
beta2: 0.5
timeincrement: 0.01
totaltimestep: 500
#oftimestepforonce: 2
#mode: 1
*NODE
num-node: 256
nodal-coord:
0	0	0
0	1	0
0	2	0
0	3	0
0	0	1
0	1	1
0	2	1
0	3	1
0	0	2
0	1	2
0	2	2
0	3	2
0	0	3
0	1	3
0	2	3
0	3	3
1	0	0
1	1	0
1	2	0
1	3	0
1	0	1
1	1	1
1	2	1
1	3	1
1	0	2
1	1	2
1	2	2
1	3	2
1	0	3
1	1	3
1	2	3
1	3	3
2	0	0
2	1	0
2	2	0
2	3	0
2	0	1
2	1	1
2	2	1
2	3	1
2	0	2
2	1	2
2	2	2
2	3	2
2	0	3
2	1	3
2	2	3
2	3	3
3	0	0
3	1	0
3	2	0
3	3	0
3	0	1
3	1	1
3	2	1
3	3	1
3	0	2
3	1	2
3	2	2
3	3	2
3	0	3
3	1	3
3	2	3
3	3	3
4	0	0
4	1	0
4	2	0
4	3	0
4	0	1
4	1	1
4	2	1
4	3	1
4	0	2
4	1	2
4	2	2
4	3	2
4	0	3
4	1	3
4	2	3
4	3	3
5	0	0
5	1	0
5	2	0
5	3	0
5	0	1
5	1	1
5	2	1
5	3	1
5	0	2
5	1	2
5	2	2
5	3	2
5	0	3
5	1	3
5	2	3
5	3	3
6	0	0
6	1	0
6	2	0
6	3	0
6	0	1
6	1	1
6	2	1
6	3	1
6	0	2
6	1	2
6	2	2
6	3	2
6	0	3
6	1	3
6	2	3
6	3	3
7	0	0
7	1	0
7	2	0
7	3	0
7	0	1
7	1	1
7	2	1
7	3	1
7	0	2
7	1	2
7	2	2
7	3	2
7	0	3
7	1	3
7	2	3
7	3	3
8	0	0
8	1	0
8	2	0
8	3	0
8	0	1
8	1	1
8	2	1
8	3	1
8	0	2
8	1	2
8	2	2
8	3	2
8	0	3
8	1	3
8	2	3
8	3	3
9	0	0
9	1	0
9	2	0
9	3	0
9	0	1
9	1	1
9	2	1
9	3	1
9	0	2
9	1	2
9	2	2
9	3	2
9	0	3
9	1	3
9	2	3
9	3	3
10	0	0
10	1	0
10	2	0
10	3	0
10	0	1
10	1	1
10	2	1
10	3	1
10	0	2
10	1	2
10	2	2
10	3	2
10	0	3
10	1	3
10	2	3
10	3	3
11	0	0
11	1	0
11	2	0
11	3	0
11	0	1
11	1	1
11	2	1
11	3	1
11	0	2
11	1	2
11	2	2
11	3	2
11	0	3
11	1	3
11	2	3
11	3	3
12	0	0
12	1	0
12	2	0
12	3	0
12	0	1
12	1	1
12	2	1
12	3	1
12	0	2
12	1	2
12	2	2
12	3	2
12	0	3
12	1	3
12	2	3
12	3	3
13	0	0
13	1	0
13	2	0
13	3	0
13	0	1
13	1	1
13	2	1
13	3	1
13	0	2
13	1	2
13	2	2
13	3	2
13	0	3
13	1	3
13	2	3
13	3	3
14	0	0
14	1	0
14	2	0
14	3	0
14	0	1
14	1	1
14	2	1
14	3	1
14	0	2
14	1	2
14	2	2
14	3	2
14	0	3
14	1	3
14	2	3
14	3	3
15	0	0
15	1	0
15	2	0
15	3	0
15	0	1
15	1	1
15	2	1
15	3	1
15	0	2
15	1	2
15	2	2
15	3	2
15	0	3
15	1	3
15	2	3
15	3	3
*ELEMENT
num-elem: 135
num-elem-node: 8
elem-conn:
1	2	6	5	17	18	22	21
2	3	7	6	18	19	23	22
3	4	8	7	19	20	24	23
5	6	10	9	21	22	26	25
6	7	11	10	22	23	27	26
7	8	12	11	23	24	28	27
9	10	14	13	25	26	30	29
10	11	15	14	26	27	31	30
11	12	16	15	27	28	32	31
17	18	22	21	33	34	38	37
18	19	23	22	34	35	39	38
19	20	24	23	35	36	40	39
21	22	26	25	37	38	42	41
22	23	27	26	38	39	43	42
23	24	28	27	39	40	44	43
25	26	30	29	41	42	46	45
26	27	31	30	42	43	47	46
27	28	32	31	43	44	48	47
33	34	38	37	49	50	54	53
34	35	39	38	50	51	55	54
35	36	40	39	51	52	56	55
37	38	42	41	53	54	58	57
38	39	43	42	54	55	59	58
39	40	44	43	55	56	60	59
41	42	46	45	57	58	62	61
42	43	47	46	58	59	63	62
43	44	48	47	59	60	64	63
49	50	54	53	65	66	70	69
50	51	55	54	66	67	71	70
51	52	56	55	67	68	72	71
53	54	58	57	69	70	74	73
54	55	59	58	70	71	75	74
55	56	60	59	71	72	76	75
57	58	62	61	73	74	78	77
58	59	63	62	74	75	79	78
59	60	64	63	75	76	80	79
65	66	70	69	81	82	86	85
66	67	71	70	82	83	87	86
67	68	72	71	83	84	88	87
69	70	74	73	85	86	90	89
70	71	75	74	86	87	91	90
71	72	76	75	87	88	92	91
73	74	78	77	89	90	94	93
74	75	79	78	90	91	95	94
75	76	80	79	91	92	96	95
81	82	86	85	97	98	102	101
82	83	87	86	98	99	103	102
83	84	88	87	99	100	104	103
85	86	90	89	101	102	106	105
86	87	91	90	102	103	107	106
87	88	92	91	103	104	108	107
89	90	94	93	105	106	110	109
90	91	95	94	106	107	111	110
91	92	96	95	107	108	112	111
97	98	102	101	113	114	118	117
98	99	103	102	114	115	119	118
99	100	104	103	115	116	120	119
101	102	106	105	117	118	122	121
102	103	107	106	118	119	123	122
103	104	108	107	119	120	124	123
105	106	110	109	121	122	126	125
106	107	111	110	122	123	127	126
107	108	112	111	123	124	128	127
113	114	118	117	129	130	134	133
114	115	119	118	130	131	135	134
115	116	120	119	131	132	136	135
117	118	122	121	133	134	138	137
118	119	123	122	134	135	139	138
119	120	124	123	135	136	140	139
121	122	126	125	137	138	142	141
122	123	127	126	138	139	143	142
123	124	128	127	139	140	144	143
129	130	134	133	145	146	150	149
130	131	135	134	146	147	151	150
131	132	136	135	147	148	152	151
133	134	138	137	149	150	154	153
134	135	139	138	150	151	155	154
135	136	140	139	151	152	156	155
137	138	142	141	153	154	158	157
138	139	143	142	154	155	159	158
139	140	144	143	155	156	160	159
145	146	150	149	161	162	166	165
146	147	151	150	162	163	167	166
147	148	152	151	163	164	168	167
149	150	154	153	165	166	170	169
150	151	155	154	166	167	171	170
151	152	156	155	167	168	172	171
153	154	158	157	169	170	174	173
154	155	159	158	170	171	175	174
155	156	160	159	171	172	176	175
161	162	166	165	177	178	182	181
162	163	167	166	178	179	183	182
163	164	168	167	179	180	184	183
165	166	170	169	181	182	186	185
166	167	171	170	182	183	187	186
167	168	172	171	183	184	188	187
169	170	174	173	185	186	190	189
170	171	175	174	186	187	191	190
171	172	176	175	187	188	192	191
177	178	182	181	193	194	198	197
178	179	183	182	194	195	199	198
179	180	184	183	195	196	200	199
181	182	186	185	197	198	202	201
182	183	187	186	198	199	203	202
183	184	188	187	199	200	204	203
185	186	190	189	201	202	206	205
186	187	191	190	202	203	207	206
187	188	192	191	203	204	208	207
193	194	198	197	209	210	214	213
194	195	199	198	210	211	215	214
195	196	200	199	211	212	216	215
197	198	202	201	213	214	218	217
198	199	203	202	214	215	219	218
199	200	204	203	215	216	220	219
201	202	206	205	217	218	222	221
202	203	207	206	218	219	223	222
203	204	208	207	219	220	224	223
209	210	214	213	225	226	230	229
210	211	215	214	226	227	231	230
211	212	216	215	227	228	232	231
213	214	218	217	229	230	234	233
214	215	219	218	230	231	235	234
215	216	220	219	231	232	236	235
217	218	222	221	233	234	238	237
218	219	223	222	234	235	239	238
219	220	224	223	235	236	240	239
225	226	230	229	241	242	246	245
226	227	231	230	242	243	247	246
227	228	232	231	243	244	248	247
229	230	234	233	245	246	250	249
230	231	235	234	246	247	251	250
231	232	236	235	247	248	252	251
233	234	238	237	249	250	254	253
234	235	239	238	250	251	255	254
235	236	240	239	251	252	256	255
*BOUNDARY
num-prescribed-disp: 48
node#-dof#-disp:
1	1	0
2	1	0
3	1	0
4	1	0
5	1	0
6	1	0
7	1	0
8	1	0
9	1	0
10	1	0
11	1	0
12	1	0
13	1	0
14	1	0
15	1	0
16	1	0
1	2	0
2	2	0
3	2	0
4	2	0
5	2	0
6	2	0
7	2	0
8	2	0
9	2	0
10	2	0
11	2	0
12	2	0
13	2	0
14	2	0
15	2	0
16	2	0
1	3	0
2	3	0
3	3	0
4	3	0
5	3	0
6	3	0
7	3	0
8	3	0
9	3	0
10	3	0
11	3	0
12	3	0
13	3	0
14	3	0
15	3	0
16	3	0

num-prescribed-load: 9
elem#-face#-trac: 
82 2 0 0 -1
83 2 0 0 -1
84 2 0 0 -1
85 2 0 0 -1
86 2 0 0 -1
87 2 0 0 -1
88 2 0 0 -1
89 2 0 0 -1
90 2 0 0 -1

